-3.299562e+00,-2.587925e+00,-1.976969e+00,-8.226361e-01,1.871006e+00,-3.357839e+00,-1.676265e+00,1.310568e+00,1.525999e+00,-1.724179e+00,-5.093509e+00,-1.193244e+01,2.540391e+00,3.743843e-01,-7.515046e-05,6.563993e-01,-3.517086e-01,1.266770e+00,-1.833926e-01,-1.859557e-01,-1.087309e+00,-2.702336e-01,-4.347708e-03,-2.199734e+00,-1.109669e+00,2.702703e-02,-5.871505e-01,-1.075948e+00,-2.923666e+00,-1.118670e+00,1
-4.141790e+00,-3.954807e+00,-1.945973e+00,4.797663e-02,1.622170e+00,-4.656645e+00,5.583649e+00,1.221984e+00,1.489023e+00,-3.273531e-01,-3.417803e+00,-1.119595e+01,-1.996938e+00,2.003478e+00,-7.515046e-05,-7.002661e-01,-7.336267e-02,1.272186e+00,-3.873288e+00,1.474664e+00,3.343453e-01,1.369044e+00,-4.347708e-03,-2.258990e+00,1.105591e+00,2.702703e-02,-3.068206e+00,3.426566e-01,-5.733677e-01,2.768107e-01,1
-3.558041e+00,-3.383052e+00,-1.577966e+00,-7.521430e-01,1.782569e+00,-4.113367e+00,-3.135172e+00,1.673767e+00,1.719266e+00,4.950667e-01,-4.866548e+00,-1.182497e+01,-9.917695e-01,1.208755e-01,-7.515046e-05,-1.261296e+00,-2.513960e-01,1.234997e+00,-3.092495e+00,4.911305e-01,-1.290403e+00,4.883520e-01,-4.347708e-03,-1.883169e+00,4.658325e-01,2.702703e-02,-1.065166e+00,5.403310e-01,-3.780244e+00,4.519520e-01,1
-2.830554e+00,-2.135175e+00,-1.092395e+00,-9.675528e-01,1.941248e+00,-2.927639e+00,-2.700934e+00,-4.734121e-01,1.434984e-01,-1.497868e+00,-4.014554e+00,-1.217792e+01,5.398791e-01,1.781854e-01,-7.515046e-05,-3.091193e+00,-1.526048e+00,3.662002e+00,-4.306104e+00,-4.901700e-01,-2.277559e+00,-5.688853e-01,-4.347708e-03,-1.042916e+00,-1.611690e+00,2.702703e-02,-2.475181e+00,-1.320134e+00,1.240107e+00,-1.355958e+00,1
-4.277450e+00,-2.213532e+00,-3.722572e-01,-4.107706e-01,2.115322e+00,-3.002093e+00,-1.677731e+00,-2.004501e+00,-1.030056e+00,-6.004499e-01,-5.388191e+00,-1.230525e+01,1.479040e+00,-1.725456e-01,-7.515046e-05,8.366756e-01,6.652886e-01,6.848708e-01,-4.748289e-01,-4.600277e-01,-1.212886e+00,-5.220779e-01,-4.347708e-03,-1.139675e+00,-1.004594e+00,2.702703e-02,1.465151e+00,-1.099204e+00,-2.893752e-01,-1.141268e+00,1
-3.814109e+00,-2.431384e+00,7.038687e-01,8.632130e-02,1.944210e+00,-3.209095e+00,-3.067159e+00,5.260896e-01,5.309744e-01,3.542100e-01,-4.558713e+00,-1.191832e+01,2.720382e-01,-8.988614e-01,-7.515046e-05,-1.710929e+00,7.719725e-01,-9.192806e-01,-4.170759e+00,-4.360255e-01,-6.733128e-01,-3.816556e-01,-4.347708e-03,-1.400456e+00,8.351053e-01,2.702703e-02,-6.066249e-01,1.333543e-01,-6.000149e-01,1.751158e-01,1
-2.783423e+00,-3.014105e+00,1.610199e-01,1.542227e-01,2.382210e+00,-3.762794e+00,1.817122e+00,1.054472e+00,1.509149e+00,9.616289e-01,-5.032705e+00,-1.205243e+01,1.234711e+00,2.297936e-01,-3.073189e-06,-2.950514e-01,-8.516529e-01,1.226076e-01,-4.639704e+00,1.143513e-01,-3.506581e-01,8.896253e-02,4.141972e-03,-6.653766e-01,1.404552e+00,2.702703e-02,-3.202217e+00,-1.689713e-01,-2.783342e+00,-1.695170e-01,1
-3.394368e+00,-4.502454e+00,1.380445e+00,1.354904e+00,2.864993e+00,-5.177017e+00,-2.076193e+00,1.172462e+00,1.250568e+00,-5.148552e-01,-5.358417e+00,-1.209119e+01,1.647172e+00,2.465320e+00,-7.515046e-05,1.835343e+00,1.845049e+00,1.475624e+00,-4.479148e+00,2.838326e+00,5.535886e-01,2.775811e+00,-4.347708e-03,1.102969e+00,2.449215e-01,2.702703e-02,4.350581e-01,1.935680e+00,-2.268377e+00,2.096020e+00,1
2.329214e+01,3.504338e+01,1.848564e+00,3.405712e+00,-8.720428e+00,2.260693e+01,6.295328e+00,-5.579673e+00,-5.943020e+00,-7.131095e-01,-4.078456e+00,3.768472e+01,-1.719044e+00,-3.497253e+00,8.117675e-04,2.783790e+00,2.924508e+00,-4.307301e+00,3.212053e+01,-2.685537e+00,1.313564e+00,-2.627903e+00,2.542685e-02,8.482688e-01,-1.202615e-01,2.702703e-02,-1.645988e-02,-2.006181e+00,2.443980e+00,-2.000025e+00,1
-3.501343e+00,1.455701e+01,4.345683e+00,4.011762e+00,-5.722808e+00,1.293321e+01,-2.414282e+00,-2.520126e+00,-3.204895e+00,1.251091e+00,2.693043e+01,1.900725e+01,-5.448127e-01,-3.346961e+00,5.340484e-04,7.123106e+00,3.767196e+00,-4.299239e+00,4.002548e+01,-2.537058e+00,3.835427e+00,-2.475779e+00,2.033049e-02,1.269306e+00,2.853706e-01,2.702703e-02,-1.883127e+00,-1.808506e+00,2.340740e+00,-1.813585e+00,1
3.484338e+01,1.481129e+01,3.447583e+00,9.822253e-01,-1.343123e+01,2.314731e+01,1.779400e-01,-4.996085e+00,-5.031807e+00,2.332421e+00,1.064638e+01,9.938509e+01,-2.287119e+00,-3.398861e+00,6.079097e-04,4.610150e+00,3.686267e+00,-4.311078e+00,-3.900613e+00,-2.683304e+00,3.236716e+00,-2.633500e+00,2.178325e-02,1.611447e+00,1.548825e+00,2.702703e-02,1.357234e+00,-2.052692e+00,2.232190e+00,-2.084771e+00,1
2.900533e+01,1.982695e+01,5.697322e+00,7.005384e+00,-6.801186e+00,1.794068e+01,2.159881e+00,-1.413642e+00,-1.900799e+00,7.366046e+00,4.487306e+01,1.848353e+01,-1.096529e+00,-3.366113e+00,5.593673e-04,4.475859e+00,2.370248e+00,-4.295326e+00,1.081449e+01,-2.616321e+00,3.380733e+00,-2.569394e+00,2.083793e-02,-2.167545e-01,4.140388e+00,2.702703e-02,-2.392634e+00,-2.052692e+00,3.610262e+00,-2.050873e+00,1
1.043384e+00,3.041637e+01,2.636863e+00,2.175428e+00,-2.060009e+01,4.538913e+01,2.331862e+01,-7.045505e+00,-8.129030e+00,2.715168e+00,1.887294e-01,1.520834e+02,-8.238752e+00,-3.516844e+00,8.678010e-04,2.036561e+00,-1.459275e+00,-4.353166e+00,1.701236e+01,-2.817828e+00,2.082794e+00,-2.763238e+00,2.635256e-02,1.030817e+00,1.124798e+00,-4.729730e-01,-2.189413e+00,-2.134088e+00,2.802276e+00,-2.163867e+00,1
-4.337028e+00,1.536984e+01,3.554570e+00,3.290352e+00,-8.565391e+00,8.586633e+00,9.890318e+00,-4.019629e+00,-3.498075e+00,6.474921e+00,-4.441109e+00,4.454656e+01,-7.942299e-02,-3.165528e+00,-7.515046e-05,3.923262e+00,4.230858e+00,-4.298808e+00,-4.654504e+00,-2.424303e+00,7.068953e+00,-2.345024e+00,-4.347708e-03,-1.574098e+00,3.566694e+00,2.702703e-02,-2.915223e+00,-1.529436e+00,1.945143e+00,-1.502850e+00,1
-1.640035e+00,-4.449631e+00,1.143841e+00,1.317044e+00,2.876234e+00,-5.126826e+00,-2.890454e+00,2.044991e+00,2.011340e+00,2.669972e+00,-5.356223e+00,-1.231124e+01,-3.943752e-01,2.626723e+00,-2.984316e-05,-4.940445e-01,3.975353e-01,1.233141e+00,-3.256806e+00,2.594954e+00,9.174161e-01,2.601300e+00,2.383285e-03,2.882059e-01,1.469640e+00,2.702703e-02,1.061054e+00,2.458936e+00,-2.376331e+00,2.621443e+00,1
-4.256444e+00,-3.993027e+00,2.304495e-01,1.813905e+00,1.920799e+00,-4.692962e+00,4.302382e-01,1.167750e+00,1.284980e+00,9.814420e-02,-5.259968e+00,-1.173962e+01,8.645074e-01,1.582571e+00,-7.515046e-05,-6.334267e-01,-2.212541e-01,1.120759e+00,-4.053872e+00,1.466291e+00,9.173580e-02,1.444343e+00,-4.347708e-03,-9.008370e-01,-6.450055e-01,2.702703e-02,1.193016e+00,1.168238e+00,-2.981003e-01,1.197715e+00,1
2.208382e+01,2.093159e+01,1.765398e+00,1.976484e-01,-1.232416e+01,3.187053e+01,8.106515e+00,-4.661648e+00,-5.491798e+00,3.991768e+00,9.079828e+01,1.068200e+02,-4.091476e+00,-3.480002e+00,-7.515046e-05,4.953950e+00,2.327774e+00,-4.364629e+00,4.557261e+01,-2.750845e+00,3.294794e+00,-2.702185e+00,-4.347708e-03,2.747364e-01,3.686296e+00,-4.729730e-01,1.850798e+00,-2.134088e+00,5.627776e+00,-2.163867e+00,1
3.052292e+00,2.406728e+01,2.873000e+00,2.428414e+00,-9.875563e+00,3.633982e+01,-2.637271e+00,-4.266257e+00,-5.179935e+00,1.781187e+00,1.363046e+02,6.443091e+01,-6.702160e+00,-3.531025e+00,-7.515046e-05,2.926414e+00,2.744783e+00,-4.304173e+00,4.039451e+01,-2.780988e+00,6.300471e-01,-2.726606e+00,-4.347708e-03,-7.367222e-01,1.131992e+00,-4.729730e-01,-1.149444e+00,-2.099204e+00,3.081337e+00,-2.129969e+00,1
1.014297e+01,9.260338e+00,4.593840e+00,2.330959e+00,-4.967940e+00,1.523556e+01,1.376324e+00,-3.832702e+00,-3.955910e+00,2.772432e+00,8.082957e+01,2.287682e+01,1.016782e+00,-3.411727e+00,-7.515046e-05,6.139153e+00,3.850685e+00,-4.309230e+00,-3.771914e+00,-2.586737e+00,2.944221e+00,-2.524113e+00,-4.347708e-03,-2.086451e+00,1.347517e+00,2.702703e-02,1.393637e+00,-1.808506e+00,1.646103e+00,-1.847483e+00,1
-3.442149e+00,-4.575697e+00,2.021704e+00,7.545267e-01,3.561813e+00,-5.246613e+00,-3.268308e+00,6.368309e-01,1.133083e+00,6.254984e-01,-5.505076e+00,-1.278227e+01,7.799197e-01,2.199823e+00,-7.515046e-05,1.056174e+00,1.429649e+00,1.110941e+00,-1.085543e+00,2.831627e+00,6.553364e-01,3.036813e+00,-4.347708e-03,7.807106e-01,7.088524e-01,2.702703e-02,3.119645e+00,4.796145e+00,-2.392804e+00,5.062121e+00,-1
-3.898133e+00,-3.946763e+00,1.681734e+00,-1.100680e+00,1.921001e+00,-3.588440e+00,-2.843295e+00,1.525197e+00,1.706532e+00,6.903381e-01,-5.453993e+00,-1.141146e+01,2.743132e+00,8.511386e-01,-7.515046e-05,-7.835400e-01,-8.422137e-01,1.893973e+00,-3.397142e+00,2.001695e-02,-1.066383e+00,-7.689857e-02,-4.347708e-03,-2.275136e-01,-3.779091e-01,2.702703e-02,-1.027808e+00,-9.945527e-01,4.342889e-01,-1.056523e+00,-1
-3.901260e+00,-3.220029e+00,-6.285835e-01,2.607523e-02,2.816088e+00,-3.958462e+00,-1.938124e+00,8.467546e-02,4.431005e-01,-2.298342e+00,-5.321562e+00,-1.267544e+01,-2.649855e+00,2.112264e-01,-7.515046e-05,-1.406308e+00,-5.279968e-01,1.716117e+00,-4.348334e+00,2.795760e-01,-1.482294e+00,2.995960e-01,-4.347708e-03,4.042162e-01,-2.340300e+00,2.702703e-02,2.712306e-01,5.170752e-01,-5.733677e-01,4.971497e-01,-1
-3.966923e+00,-3.912774e+00,-9.763279e-01,-1.111211e+00,1.790938e+00,-4.616706e+00,-8.044790e-01,-6.091319e-01,-2.951280e-02,-5.435294e-01,-3.321372e+00,-1.186624e+01,9.971908e-01,1.552454e+00,-7.515046e-05,-1.113631e+00,4.946497e-01,1.182536e+00,-1.124579e+00,1.336791e+00,1.295246e-02,1.289166e+00,-4.347708e-03,-1.505523e-01,-1.193702e+00,2.702703e-02,2.416480e+00,8.310287e-01,-1.652360e+00,7.852853e-01,-1
-2.044954e+00,-4.142247e+00,-4.333559e-01,-6.743567e-01,3.475288e+00,-4.834750e+00,-2.648131e+00,-4.816046e-01,9.590307e-03,1.095969e-01,-2.686863e-01,-1.285896e+01,-4.512103e-01,1.351285e+00,-7.515046e-05,-8.672766e-02,-9.838148e-01,6.928236e-01,-3.627951e+00,1.754876e+00,2.610570e-01,1.765381e+00,-4.347708e-03,4.565138e+00,2.478280e-01,2.702703e-02,-2.033291e+00,1.831029e+00,8.239620e-01,1.841782e+00,-1
-1.836712e+00,-2.057272e+00,1.298015e+00,-5.712685e-01,1.494261e+00,-2.853615e+00,-1.073413e+00,-2.195378e+00,-1.507485e+00,-8.366702e-02,-3.715689e+00,-1.182604e+01,-1.361574e+00,-9.685982e-01,-7.515046e-05,-1.216746e+00,4.320724e-01,-1.217327e-01,-3.147358e+00,-6.224614e-01,-1.484638e+00,-6.136577e-01,-4.347708e-03,1.092017e+00,-5.361210e-01,2.702703e-02,2.441698e+00,-5.061806e-01,1.354354e+00,-5.141497e-01,-1
-1.097086e+00,-2.198021e+00,-1.909295e-01,1.146808e+00,2.359033e+00,-3.933047e+00,-7.966180e-01,9.208116e-01,1.034332e+00,-4.084744e-01,-5.300626e+00,-1.196805e+01,1.717813e+00,2.349106e-01,-7.515046e-05,4.150153e-02,4.167968e-01,4.565362e-01,1.535646e+00,2.912980e-01,-6.378898e-01,2.705957e-01,-4.347708e-03,7.203082e-01,4.309300e-01,2.702703e-02,1.428880e+00,1.100985e-01,1.772000e+00,5.647173e-02,-1
-4.044054e+00,-2.910822e+00,-2.106769e+00,1.317947e-01,5.181967e-01,-3.664655e+00,-3.207111e+00,4.930149e-01,3.104166e-01,-1.155100e+00,-2.342966e+00,-9.745606e+00,-2.178144e+00,4.916357e-01,-7.443356e-06,-8.944524e-01,-1.077380e+00,3.784331e-01,-3.473821e+00,6.411407e-02,-3.079278e-01,-6.687430e-03,3.880585e-03,-5.064162e-01,7.285900e-01,2.702703e-02,-9.469889e-02,-6.689713e-01,-1.134616e+00,-7.231893e-01,-1
-3.457410e+00,-2.363797e+00,5.392124e-01,8.543344e-01,1.576839e+00,-3.144874e+00,-2.612361e+00,-2.082218e-01,2.826103e-01,-1.259073e+00,-5.213941e+00,-1.154883e+01,-1.058028e+00,-7.707774e-02,-7.515046e-05,-1.237635e+00,-3.236936e+00,2.780516e+00,1.192970e+00,-4.248616e-01,-2.157342e+00,-4.269367e-01,-4.347708e-03,-4.923112e-01,-1.849121e+00,2.702703e-02,1.090321e+00,-3.782736e-01,-1.491287e+00,-4.407034e-01,-1
-1.849362e+00,-3.692490e+00,-9.310564e-01,-2.232557e+00,1.837436e+00,-3.226025e+00,-2.418605e+00,-4.579268e-01,-4.133905e-01,-3.319157e-01,-4.967808e+00,-1.188643e+01,-8.903734e-01,-3.203526e-01,-7.515046e-05,-9.376232e-01,-2.104202e+00,8.663354e-01,-1.498934e+00,-3.567623e-01,-1.470074e+00,-3.694450e-01,-4.347708e-03,7.498712e-01,-3.506200e-01,2.702703e-02,-6.423513e-01,-4.131573e-01,-2.269826e+00,-4.915509e-01,-1
-4.146617e+00,-2.060878e+00,-1.579995e+00,-6.809936e-01,-9.162906e-01,-2.857042e+00,-2.341807e+00,-1.010685e+00,-1.006542e+00,-1.965476e+00,-5.515406e+00,-1.022457e+01,1.172960e+00,-6.732766e-01,-7.515046e-05,-3.449357e+00,-4.428069e-01,-5.666631e-01,-4.220475e+00,-6.096230e-01,-7.447964e-01,-6.116226e-01,-4.347708e-03,-2.818561e+00,-1.997758e+00,2.702703e-02,-1.134388e+00,-5.992039e-01,-1.341806e+00,-6.214944e-01,-1
-3.885513e+00,-2.461721e+00,2.805378e-01,-9.265940e-01,-2.714009e-02,-3.237921e+00,-3.115456e+00,1.491769e+00,8.837355e-01,-1.297986e+00,-3.647027e+00,-8.891284e+00,2.951050e+00,-2.158204e-01,-7.515046e-05,-1.404828e+00,-1.175133e+00,-4.870012e-01,-9.464412e-01,-2.897793e-01,-2.510231e-01,-3.607958e-01,-4.347708e-03,-1.260321e-01,-1.378210e+00,2.702703e-02,-2.196342e-01,-1.029436e+00,6.660911e-01,-1.073472e+00,-1
-4.048828e+00,-4.449154e+00,7.721060e-01,4.556387e-01,2.989147e+00,-5.126373e+00,-1.935855e+00,2.344445e+00,2.467528e+00,2.219806e+00,-5.473196e+00,-1.254364e+01,-1.586844e+00,2.699530e+00,-7.515046e-05,1.922151e+00,2.079426e+00,2.204798e+00,-4.457497e+00,2.689289e+00,1.590720e-01,2.599774e+00,-4.347708e-03,1.917276e+00,1.870886e+00,2.702703e-02,-2.123341e+00,1.668238e+00,-2.327693e+00,1.649692e+00,-1
-3.416698e+00,-3.118540e+00,-9.235053e-01,7.167298e-02,2.098167e+00,-3.862028e+00,-1.212139e+00,1.187874e+00,1.384925e+00,-3.488248e-01,-5.483600e+00,-1.170049e+01,2.049476e-01,7.308170e-01,-1.099649e-05,-8.500813e-01,1.034345e-01,4.026916e+00,-2.602960e+00,2.857161e-01,-2.054205e+00,1.922441e-01,3.661781e-03,-9.209910e-01,-1.481505e-01,2.702703e-02,6.053471e-01,-7.038550e-01,2.177197e-01,-7.570876e-01,-1
-3.964332e+00,-3.348160e+00,9.283257e-01,-1.228400e+00,3.456740e+00,-4.080212e+00,-1.666290e+00,2.643417e+00,2.673386e+00,3.353608e-01,-3.944216e+00,-1.309950e+01,1.131384e+00,1.018390e+00,-7.515046e-05,-1.335847e+00,-2.397595e-01,3.974896e+00,-2.650018e+00,5.430423e-01,-1.865596e+00,4.461236e-01,-4.347708e-03,-6.805782e-01,-2.422459e-01,2.702703e-02,-2.283664e+00,-4.829248e-01,-3.468508e-01,-5.423983e-01,-1
-3.563095e+00,-4.300551e+00,-2.917869e+00,6.176399e-01,1.934232e+00,-4.985170e+00,-2.148278e+00,1.148496e+00,1.115705e+00,3.921601e-01,-5.512543e+00,-1.212634e+01,1.972550e+00,2.325115e+00,-7.515046e-05,1.261829e-01,-8.166927e-01,2.772417e+00,-2.167221e+00,2.116584e+00,-4.816106e-01,2.161718e+00,-4.347708e-03,-1.149138e+00,-2.776657e-01,2.702703e-02,1.192233e-01,2.505447e+00,-4.255497e-01,2.581895e+00,-1
-3.483933e+00,-4.385548e+00,7.198009e-01,1.322406e+00,3.455215e+00,-5.065934e+00,-2.758271e+00,8.173877e-01,4.672350e-01,9.909260e-01,-5.280403e+00,-1.286065e+01,-7.721676e-01,2.239150e+00,-7.515046e-05,7.268586e-01,1.303496e+00,1.979996e+00,-4.641628e+00,2.326464e+00,-3.159151e-02,2.403386e+00,-4.347708e-03,1.796297e+00,7.342564e-01,2.702703e-02,1.665880e+00,3.133354e+00,-9.761913e-03,3.141217e+00,-1
-4.221249e+00,-4.131393e+00,-6.296950e-02,-6.689890e-02,2.292173e+00,-5.310859e+00,-2.397984e+00,1.365077e+00,1.528854e+00,-1.134392e+00,-5.510345e+00,-1.161695e+01,8.494989e-01,3.117659e+00,-7.515046e-05,-6.696786e-01,9.424838e-01,3.657932e-01,-4.365604e+00,3.220129e+00,2.421122e+00,3.299850e+00,-4.347708e-03,-8.972563e-01,-1.626661e+00,2.702703e-02,9.769175e-02,3.900796e+00,-1.961156e+00,4.050822e+00,-1
-3.371907e+00,-4.876065e+00,-1.377702e-01,2.232025e+00,2.797304e+00,-5.532022e+00,-9.754914e-01,1.456689e-01,8.737851e-02,-3.313997e-01,-4.402913e+00,-1.211539e+01,1.751846e-01,3.500115e+00,-7.515046e-05,8.269065e-02,2.629576e+00,1.369689e-01,1.085668e-01,4.003271e+00,3.184370e+00,4.414071e+00,-4.347708e-03,1.931163e+00,-4.856468e-02,2.702703e-02,1.939266e+00,8.086843e+00,-9.077971e-02,8.497150e+00,-1
-2.769685e+00,-2.740097e+00,-5.109290e-01,-1.481372e-01,3.415745e+00,-3.502433e+00,-2.974787e+00,4.764591e-01,1.517728e+00,-1.226526e+00,-4.981847e+00,-1.304759e+01,-7.899014e-02,3.752614e-01,-5.568296e-06,-8.661236e-01,-2.034746e+00,1.890104e+00,-3.514928e+00,-1.061343e-01,-1.440724e+00,-1.521975e-01,3.993739e-03,1.468211e+00,-8.269959e-01,2.702703e-02,8.854719e-01,-5.759480e-01,4.449059e-01,-6.158447e-01,-1
-3.785059e+00,-2.482883e+00,-1.091410e+00,5.122704e-01,3.935864e-01,-1.501981e+00,-9.941679e-01,-9.589437e-01,-9.680346e-01,-1.307136e+00,-2.539440e+00,-1.095395e+01,-1.510588e+00,-2.384812e-01,6.332535e-06,-5.048559e-02,-2.649707e+00,3.266347e-01,-3.588213e+00,-1.169489e+00,-1.022537e+00,-1.209944e+00,4.678901e-03,-8.612784e-01,-6.855337e-01,2.702703e-02,3.388332e-01,-1.552692e+00,6.473733e-01,-1.598896e+00,-1
1.606906e+00,-3.742212e+00,-3.803431e-01,1.116392e+00,2.132032e+00,-3.296894e+00,-2.411734e+00,1.579158e+00,1.561948e+00,3.579398e-01,-3.930789e+00,-1.176057e+01,-7.542648e-01,6.179515e-01,-7.515046e-05,-3.100406e+00,-1.409125e+00,-7.047382e-03,-4.360517e+00,-2.110743e-01,2.088013e-01,-3.170410e-01,-4.347708e-03,9.950155e-01,2.487038e-01,2.702703e-02,1.727615e-01,-1.331762e+00,1.728515e+00,-1.384206e+00,-1
-2.825043e+00,-4.280663e+00,-1.067505e+00,6.671449e-01,3.037471e+00,-5.417237e+00,-2.847961e+00,7.125758e-01,9.911906e-01,-3.544389e-01,-5.456100e+00,-1.208174e+01,3.444537e+00,3.333156e+00,-7.515046e-05,-8.657663e-01,8.502825e-01,1.197596e+00,-4.433416e+00,3.608630e+00,1.578275e+00,3.790311e+00,-4.347708e-03,3.248432e+00,-1.001239e+00,2.702703e-02,-6.813443e-01,5.342657e+00,-2.205492e+00,5.564946e+00,-1
-1.443645e+00,-4.026516e+00,1.253221e+00,-1.258287e+00,2.749528e+00,-4.724783e+00,-1.543695e+00,2.355342e+00,2.297163e+00,-3.031281e-01,-5.533289e+00,-1.216739e+01,1.456643e+00,1.900554e+00,-7.515046e-05,1.005497e+00,3.611743e-01,1.525085e+00,-1.843277e+00,1.646587e+00,3.694586e-02,1.512519e+00,-4.347708e-03,1.246279e+00,-5.147868e-01,2.702703e-02,6.766790e-01,1.914938e-01,-7.492447e-01,1.299181e-01,-1
-3.750829e+00,-4.071100e+00,-1.653310e+00,-4.484261e-02,3.144367e+00,-4.767146e+00,-1.231198e+00,1.974990e+00,2.535499e+00,-3.000019e+00,-3.623524e+00,-1.261735e+01,4.517777e-01,1.983156e+00,-7.515046e-05,-1.175826e+00,-2.090477e+00,1.478271e+00,-4.208666e+00,1.730874e+00,1.438275e-01,1.606643e+00,-4.347708e-03,6.094328e-01,-1.574358e+00,2.702703e-02,-8.364669e-01,3.194008e-01,-4.592233e-01,3.220084e-01,-1
-2.632462e+00,-2.902860e+00,-1.848761e+00,6.233609e-01,1.138435e+00,-3.657090e+00,1.971797e+01,7.910929e-01,8.777173e-01,-2.993102e+00,-3.712256e+00,-1.023542e+01,1.427495e+00,6.278930e-01,-7.515046e-05,-3.218370e+00,-4.794138e+00,3.638566e-01,-3.587357e+00,6.020673e-02,-1.537301e-01,-1.381030e-02,-4.347708e-03,-2.092040e+00,-1.692703e+00,2.702703e-02,-1.370213e+00,-7.271108e-01,3.567218e-01,-7.627373e-01,-1
3.381168e+00,-2.284082e+00,1.266472e+00,-2.663077e+00,1.203190e+00,-3.069129e+00,3.613160e+00,8.735219e-01,8.665247e-01,-7.646029e-01,-1.857862e+00,-1.063594e+01,3.074248e-01,4.773082e-01,-7.515046e-05,8.693266e-02,-1.967949e+00,-2.428925e-01,-4.137108e+00,-4.148142e-01,3.130380e-01,-4.783231e-01,-4.347708e-03,2.958323e+00,-1.661774e+00,2.702703e-02,-1.594189e+00,-1.122460e+00,4.753385e-01,-1.113020e+00,-1
-2.761168e+00,-3.696751e+00,-2.527168e-02,5.951363e-01,-1.435904e+00,-4.411442e+00,-2.227595e+00,-1.525237e+00,-1.813633e+00,-2.733504e-01,-4.525034e+00,-6.710419e+00,-6.739977e-02,6.599106e-01,-7.515046e-05,-1.780566e+00,1.643599e+00,-7.574560e-01,-4.644522e+00,8.857719e-01,1.240228e+00,9.213207e-01,-4.347708e-03,-1.792459e+00,1.539032e-01,2.702703e-02,8.074634e-01,1.272889e+00,-3.147308e-01,1.265511e+00,-1
-4.359375e-02,-3.693803e+00,-9.947879e-01,-3.780445e-01,2.622479e+00,-4.408640e+00,-2.533309e+00,1.969591e+00,2.002137e+00,3.788847e-01,-5.530889e+00,-1.166141e+01,1.389039e+00,1.201285e+00,-1.699909e-05,2.670996e-01,-1.609074e+00,1.286348e+00,-1.430397e+00,9.974102e-01,-3.779854e-01,9.167417e-01,3.277885e-03,1.071380e+00,2.047937e-01,2.702703e-02,-1.483586e-01,1.100985e-01,-3.077905e-02,8.472031e-02,-1
-3.062679e+00,-3.130927e+00,4.950066e-01,-1.253652e+00,1.390759e+00,-3.873798e+00,-1.719000e-01,1.317049e+00,1.649444e+00,2.185318e+00,-2.848598e+00,-9.453116e+00,1.035211e+00,1.157279e+00,-1.648567e-05,-1.778560e+00,-2.150290e+00,7.105008e-01,-4.003317e+00,3.030200e-01,5.656956e-02,2.049635e-01,3.311474e-03,3.360793e+00,2.104304e+00,2.702703e-02,-2.059104e+00,-7.387387e-01,1.805616e-01,-7.909859e-01,-1
-2.639291e+00,-1.192743e+00,9.259079e-01,2.060617e+00,5.828148e-01,-2.032144e+00,-1.987191e+00,-1.199702e+00,-9.210859e-01,2.514894e+00,-1.605275e+00,-9.635206e+00,-2.442978e+00,-1.335105e-01,-7.515046e-05,9.549837e-01,-5.525918e-02,-2.973982e-01,-3.278903e+00,-9.545853e-01,-3.523084e-01,-1.016609e+00,-4.347708e-03,-8.894832e-01,9.421584e-01,2.702703e-02,2.367207e+00,-1.599204e+00,-1.460402e-01,-1.627144e+00,-1
-2.359970e+00,-1.484009e+00,2.270561e+00,1.191930e-01,-2.414989e-01,-3.424209e+00,-3.261409e+00,1.119483e+00,9.061804e-01,1.003771e+00,-4.934054e+00,-9.449422e+00,-2.290847e+00,-8.400894e-01,-7.515046e-05,-7.209238e-01,8.188785e-01,-7.728422e-01,-3.465550e+00,-3.400165e-01,-7.515251e-01,-2.173209e-01,-4.347708e-03,4.393807e-01,3.820135e-01,2.702703e-02,6.570728e-01,9.007961e-01,-1.810815e+00,1.028223e+00,-1
-3.724936e+00,-3.541303e+00,-7.078607e-01,-1.703767e+00,1.319451e+00,-4.263735e+00,-3.140502e+00,5.553528e-01,5.110787e-01,-2.760198e+00,-2.636920e+00,-1.141019e+01,6.772872e-01,-8.906604e-02,-7.515046e-05,1.762253e+00,9.857473e-01,-1.058024e-01,4.198240e-01,5.882559e-01,-4.902502e-01,6.938977e-01,-4.347708e-03,-7.025143e-01,-1.936792e+00,2.702703e-02,-7.302492e-01,1.738005e+00,-9.700507e-01,1.751387e+00,-1
-3.876956e+00,-2.190853e+00,-6.323704e-01,-3.582490e+00,-3.858302e-01,-2.980543e+00,-3.141805e+00,-7.454194e-02,-1.123779e-01,-3.416091e+00,-4.397660e+00,-7.247134e+00,2.264039e+00,1.211679e-01,-1.090096e-06,-1.539064e+00,-1.057516e+00,-3.368664e-01,-4.178264e+00,-4.762153e-01,-4.145253e-03,-5.358149e-01,4.257965e-03,1.893737e+00,-2.167702e+00,2.702703e-02,2.435922e+00,-1.122460e+00,1.820349e+00,-1.129969e+00,-1
-3.942206e+00,-3.878155e+00,-1.132328e+00,-2.909249e+00,2.573279e+00,-4.583811e+00,-3.209509e+00,1.160666e-01,2.366144e-01,-1.995949e+00,-4.311630e+00,-1.225664e+01,2.025627e+00,7.254076e-01,-7.515046e-05,-1.251308e-01,-8.610333e-01,6.552055e-01,-4.615902e+00,1.175473e+00,-3.148050e-01,1.225569e+00,-4.347708e-03,1.000701e+00,-2.006745e+00,2.702703e-02,2.400027e+00,1.679866e+00,-3.007491e+00,1.711839e+00,-1
-3.631468e+00,-3.335333e+00,-1.499753e+00,-3.507472e+00,1.226591e+00,-2.716972e+00,-2.429329e+00,1.463070e+00,1.274494e+00,-3.066117e+00,-2.801811e+00,-1.013997e+01,-1.243902e+00,8.915033e-02,-4.845853e-07,-4.780179e-01,-1.445583e+00,7.393430e-01,-8.713212e-01,-6.258106e-01,-9.974062e-01,-6.920092e-01,4.293072e-03,-3.048659e-01,-1.794616e+00,2.702703e-02,3.621068e-01,-1.296878e+00,-2.672171e-01,-1.350308e+00,-1
-4.038905e+00,-3.523819e+00,-2.928278e-01,-1.557580e+00,2.738950e+00,-4.247123e+00,2.765534e+00,1.990929e+00,2.026062e+00,7.626751e-01,-5.266491e+00,-1.242789e+01,6.244680e-01,7.761386e-01,-7.515046e-05,7.410608e-01,-4.073925e-01,1.987774e+00,-4.604038e+00,7.071506e-01,-1.177641e+00,6.699852e-01,-4.347708e-03,3.685414e+00,3.123711e-01,2.702703e-02,8.884663e-01,2.961450e-01,6.864792e-01,2.824604e-01,-1
-3.261333e+00,-3.893517e+00,-4.363118e-01,9.916493e-01,4.335120e-02,-4.598408e+00,-3.200261e+00,-1.160918e-01,-1.259057e-01,1.420231e+00,-5.303832e+00,-9.832948e+00,-2.282471e-01,1.462835e+00,-1.987435e-05,8.311303e-01,-2.963446e+00,-2.001366e-01,-3.524344e+00,1.285437e+00,1.415068e+00,1.253552e+00,3.086979e-03,1.105330e+00,1.628685e+00,2.702703e-02,8.917318e-01,9.589357e-01,8.318950e-01,9.095791e-01,-1
-3.770996e+00,-2.101017e+00,-1.981664e+00,2.547676e+00,1.978514e+00,-2.895181e+00,-2.439732e+00,6.627350e-01,5.007055e-01,-1.682846e-01,-7.264212e-01,-1.134574e+01,2.917442e+00,-9.058789e-01,-7.515046e-05,9.915865e-01,-2.845159e-01,-6.751542e-01,-8.633514e-01,-6.179959e-01,-9.380306e-01,-5.887276e-01,-4.347708e-03,1.283437e+00,1.962321e+00,2.702703e-02,2.983218e+00,-2.503666e-01,1.475120e+00,-2.825113e-01,-1
-2.210896e+00,-3.200838e+00,1.263127e+00,4.475569e-01,2.049839e+00,-3.940228e+00,-2.958715e+00,8.591220e-01,7.719097e-01,4.391476e-01,-2.212756e+00,-1.178287e+01,7.499723e-01,5.287702e-01,-7.515046e-05,1.031827e+00,1.552882e+00,2.475699e-01,-4.526629e+00,2.600393e-01,-1.478437e-01,2.787361e-01,-4.347708e-03,-9.408477e-01,8.666332e-01,2.702703e-02,-1.558232e-01,4.473078e-01,9.493994e-01,4.632514e-01,-1
-2.892239e+00,-3.844200e+00,-9.761408e-01,-1.619292e+00,1.663712e+00,-4.551548e+00,2.638592e-02,1.704938e+00,1.837891e+00,-7.639201e-01,-5.486885e+00,-1.140713e+01,-1.327206e+00,1.051577e+00,-7.515046e-05,-2.621477e-01,-1.620812e+00,-1.968505e-01,-3.009189e+00,1.171566e+00,9.302602e-01,1.165025e+00,-4.347708e-03,1.882251e+00,-1.678126e+00,2.702703e-02,1.208045e+00,1.133354e+00,1.543340e+00,1.079071e+00,-1
3.798340e+00,-1.002175e+00,7.723767e-01,1.521939e+00,2.273873e+00,-1.851066e+00,-2.917919e+00,-1.070015e+00,-1.735989e+00,-6.144715e-01,-8.889772e-01,-1.223973e+01,-1.181467e+00,-1.565382e+00,-7.515046e-05,9.499929e-01,1.300717e+00,-1.124897e+00,-3.470071e+00,-1.104181e+00,-1.417067e+00,-1.087328e+00,-4.347708e-03,-4.670394e-01,3.911318e-02,2.702703e-02,4.751484e-01,-9.015294e-01,1.951436e+00,-8.983305e-01,-1
1.208922e+00,-1.745736e+00,-2.382738e+00,-1.393563e+00,1.321143e-01,-2.557595e+00,-3.231557e+00,-1.374952e+00,-1.270552e+00,-3.993814e+00,-4.794816e+00,-9.075328e+00,2.319813e+00,2.993981e-02,-7.515046e-05,-1.516110e+00,-2.321736e+00,-3.085212e-01,-4.494284e+00,-7.006082e-01,-1.450035e-01,-7.769749e-01,-4.347708e-03,2.464664e+00,-2.978666e+00,2.702703e-02,7.785389e-01,-1.506181e+00,1.227085e+00,-1.536749e+00,-1
-1.288382e+00,3.381903e-01,-2.379259e-01,-1.566650e+00,8.537421e-01,-5.774564e-01,-3.050750e+00,1.132501e+00,1.132952e+00,-2.329356e+00,-1.988537e+00,-1.149550e+01,1.069865e+00,-1.132926e+00,3.338593e-05,-6.598670e-02,5.511597e-01,3.442065e-01,-3.270468e+00,-1.429606e+00,-1.965594e+00,-1.467893e+00,6.070089e-03,-1.837620e+00,-2.908157e+00,2.702703e-02,-2.418209e+00,-1.808506e+00,2.338704e-01,-1.830534e+00,-1
-2.333118e+00,-2.426529e+00,9.838307e-01,7.572517e-01,1.516473e+00,-4.095893e+00,-3.103994e+00,1.299805e+00,1.539342e+00,4.106445e-01,-5.408932e+00,-1.125361e+01,-2.083599e-01,7.394566e-02,-7.515046e-05,4.220142e-01,5.858704e-01,-1.292970e+00,-3.401496e+00,3.002291e-01,1.305231e+00,4.659658e-01,-4.347708e-03,-6.101718e-01,-4.114395e-01,2.702703e-02,6.479106e-01,2.063587e+00,-9.109566e-01,2.135568e+00,-1
-1.358710e+00,-4.342511e+00,-2.192675e+00,-1.332353e+00,1.844174e+00,-5.025041e+00,-2.548969e+00,1.804173e+00,2.192912e+00,-1.152598e+00,-3.939122e+00,-1.085426e+01,-7.525552e-01,2.288419e+00,-7.515046e-05,-3.322474e-01,-9.561987e-01,7.434775e-01,-3.923439e+00,2.221524e+00,1.114370e+00,2.278227e+00,-4.347708e-03,2.386477e+00,-1.222168e+00,2.702703e-02,-9.706236e-01,2.796145e+00,-1.286281e-01,2.813534e+00,-1
-3.623407e+00,-3.120529e+00,1.058030e+00,1.513168e+00,1.302805e+00,-3.863918e+00,-2.518885e+00,-1.145490e+00,-1.042443e+00,1.378171e+00,-4.666959e+00,-1.187281e+01,3.336198e-01,2.078638e-01,-7.515046e-05,-7.047839e-01,1.228679e+00,3.742151e-01,-3.593046e+00,2.058947e-01,-5.973128e-01,1.942792e-01,-4.347708e-03,-1.093332e-01,5.766194e-01,2.702703e-02,1.670347e+00,9.847056e-02,-1.065995e+00,7.342088e-02,-1
-2.724801e+00,-2.696204e+00,1.648720e+00,-4.531646e-01,1.256515e+00,-3.460725e+00,-3.189203e+00,8.547839e-01,1.433872e+00,2.821195e+00,-4.543420e+00,-1.118866e+01,1.153846e+00,1.602030e-01,-7.515046e-05,1.150374e+00,-7.606529e-01,5.408903e-01,-3.959360e+00,-1.770246e-01,-7.804929e-01,-1.873030e-01,-4.347708e-03,3.214142e-01,1.966628e+00,2.702703e-02,5.387666e-01,-2.387387e-01,-1.177766e+00,-2.881610e-01,-1
-3.947000e+00,-3.118665e+00,2.647647e-02,-4.743630e-01,1.959228e+00,-4.589142e+00,2.194603e-02,9.975523e-01,1.336558e+00,-1.697120e+00,-5.482544e+00,-1.149587e+01,8.279531e-02,1.621314e+00,-7.515046e-05,-2.614620e-01,-1.684703e-01,1.142045e+00,-3.169312e+00,1.152029e+00,1.083425e-01,1.235745e+00,-4.347708e-03,3.065570e+00,-1.310916e+00,2.702703e-02,1.736056e+00,1.912424e+00,-1.236686e+00,2.062121e+00,-1
-7.601255e-01,-3.748974e+00,-1.429330e+00,8.651738e-01,2.407903e+00,-4.461063e+00,-2.094995e+00,1.704192e+00,1.610220e+00,-8.994062e-01,-5.447747e+00,-1.177570e+01,2.336639e+00,1.259472e+00,-7.515046e-05,3.359426e+00,9.149378e-01,3.006372e-01,-3.836349e+00,1.074999e+00,5.682848e-01,1.004251e+00,-4.347708e-03,-1.338034e+00,3.827432e-02,2.702703e-02,-1.688275e+00,2.845171e-01,1.142825e+00,2.711610e-01,-1
-3.483441e+00,-1.833476e+00,1.058727e+00,-2.667488e-02,6.575810e-01,-3.673256e+00,-3.123491e+00,-1.512731e+00,-1.635006e+00,-1.117333e-01,1.974761e+00,-1.094727e+01,-2.681275e-01,-1.985690e-01,-7.515046e-05,6.076587e-01,6.077737e-01,-6.767644e-01,-4.370384e+00,-3.427094e-03,-9.200907e-03,1.452992e-03,-4.347708e-03,-1.903224e+00,-6.975846e-01,2.702703e-02,-1.342430e-01,1.707521e-02,-2.395547e+00,5.082201e-02,-1
-4.090683e+00,-4.144228e+00,2.184940e-02,1.090759e+00,2.553547e+00,-4.836633e+00,-2.881598e+00,1.590551e+00,1.740679e+00,2.871600e-01,-4.576177e+00,-1.227464e+01,-1.001067e+00,1.597191e+00,-2.124355e-05,-1.546633e+00,-4.903166e-01,1.770666e+00,-4.292612e+00,1.766040e+00,-3.931826e-01,1.769960e+00,2.994325e-03,-5.131799e-01,-5.966960e-01,2.702703e-02,1.031094e+00,1.714750e+00,-1.219421e-01,1.779636e+00,-1
-3.284259e+00,-2.528037e+00,-3.416757e-01,1.062820e-01,-6.386221e-01,-3.300935e+00,-1.764824e+00,-1.872922e+00,-1.853123e+00,-2.100145e+00,-2.991569e+00,-6.605189e+00,-5.883074e-01,-1.808789e-01,-7.515046e-05,-1.799519e+00,-2.518441e+00,-1.147427e+00,-3.281661e+00,-2.970358e-01,6.683995e-01,-3.139884e-01,-4.347708e-03,9.385364e-01,-1.388709e+00,2.702703e-02,3.354182e-01,-4.712969e-01,1.301968e+00,-4.802514e-01,-1
-3.967992e+00,-8.072104e-01,-4.187520e+00,-1.114246e+00,-1.370781e-01,-1.665812e+00,-1.640262e+00,2.492765e-01,1.324738e-01,-2.117760e+00,-3.169151e+00,-7.925807e+00,7.853039e-01,-7.235690e-01,1.906917e-05,-2.166494e+00,3.438313e-01,-6.473986e-01,-3.445031e+00,-1.104739e+00,-7.277930e-01,-1.154487e+00,5.358743e-03,1.396211e+00,-8.716718e-01,2.702703e-02,3.788876e+00,-1.610832e+00,1.127249e+00,-1.638444e+00,-1
-1.937657e+00,-2.166203e+00,1.069201e+00,2.698265e+00,2.342674e+00,-3.910372e+00,-2.688576e+00,6.519069e-01,7.582139e-01,2.766246e+00,-5.305064e+00,-1.155214e+01,4.214957e-01,3.955831e-01,-7.515046e-05,4.331207e-01,8.377661e-02,-4.530526e-01,-3.972309e+00,1.913817e-01,4.700132e-01,2.451569e-01,-4.347708e-03,-1.983779e+00,2.200552e+00,2.702703e-02,1.892109e+00,7.380054e-01,-3.367788e-01,7.852853e-01,-1
-1.318399e+00,-2.801177e+00,-2.593583e+00,-1.640745e+00,-3.462613e-01,-3.560471e+00,-3.099520e+00,-1.649053e-01,-4.195715e-01,-3.157474e+00,-2.294362e+00,-9.015430e+00,1.764275e+00,-2.026625e-01,-7.515046e-05,-9.833793e-01,1.453696e+00,-1.100253e+00,-3.879335e+00,-9.720326e-02,5.628108e-01,-1.018286e-01,-4.347708e-03,-1.881015e+00,-1.889998e+00,2.702703e-02,9.725818e-01,-1.805992e-01,7.940169e-01,-1.469181e-01,-1
-3.238113e+00,-2.007964e+00,-1.675114e+00,-2.725836e+00,2.828379e+00,-2.806763e+00,1.756228e+01,1.016065e+00,1.212022e+00,-1.112043e+00,-5.107150e+00,-1.257930e+01,1.179577e+00,5.961817e-02,-7.515046e-05,-1.446088e+00,-1.532594e+00,6.893414e-01,-3.373388e+00,-5.789225e-01,-9.903701e-01,-6.411316e-01,-4.347708e-03,-2.389289e-01,-6.419377e-01,2.702703e-02,1.214547e-01,-1.238739e+00,-4.271926e+00,-1.259912e+00,-1
-4.337028e+00,-3.485838e+00,-1.533140e+00,-1.741388e+00,1.656715e+00,-4.211033e+00,-2.041539e+00,-9.888875e-02,-2.364187e-01,-2.090065e+00,-2.847820e+00,-1.171332e+01,3.294975e+00,4.530392e-01,-7.515046e-05,-1.996014e-01,-1.518480e+00,8.165250e-01,-4.654504e+00,6.373767e-01,-7.060868e-01,6.191075e-01,-4.347708e-03,1.356839e+00,-6.134406e-01,2.702703e-02,-1.764458e-01,4.938194e-01,4.518087e-01,4.237034e-01,-1
-3.660275e+00,-4.736280e+00,1.585162e+00,8.620558e-01,2.199646e+00,-5.399198e+00,-3.182289e+00,1.696781e+00,1.786934e+00,-1.628298e-01,-4.259216e+00,-1.101940e+01,3.776480e-01,3.396606e+00,-3.467200e-05,-8.764319e-01,1.069349e+00,9.431948e-01,-4.627602e+00,3.499783e+00,1.929021e+00,3.701784e+00,2.014496e-03,-3.563744e-01,-6.735352e-01,2.702703e-02,1.334384e+00,5.540331e+00,-1.146163e+00,5.683590e+00,-1
-4.112720e+00,-3.437605e+00,-1.877407e+00,-1.092043e+00,1.313560e+00,-4.165202e+00,-9.176915e-02,1.272409e-01,2.288128e-01,-2.518672e+00,-5.093963e+00,-1.141648e+01,1.670369e+00,6.172205e-01,-7.515046e-05,-2.024813e+00,-3.856368e+00,-1.035917e-01,-3.005839e+00,5.809994e-01,3.151317e-01,5.565280e-01,-4.347708e-03,-1.205908e+00,-2.316996e+00,2.702703e-02,-3.673976e-01,3.310287e-01,6.383058e-01,2.994096e-01,-1
-3.544338e+00,-3.296145e+00,1.554234e+00,1.714105e+00,2.562816e+00,-4.030788e+00,-2.827830e+00,1.651103e+00,1.560418e+00,3.895067e+00,-5.089130e+00,-1.274959e+01,1.761142e+00,4.420743e-01,-7.515046e-05,3.045387e-01,6.129528e-01,1.370702e+00,-3.648525e+00,3.588392e-01,-1.093268e+00,3.850704e-01,-4.347708e-03,-3.209012e-01,2.626828e+00,2.702703e-02,-6.603047e-01,4.938194e-01,-7.371394e-01,6.440423e-01,-1
-3.577773e+00,-3.342189e+00,-1.985568e+00,-1.886952e+00,2.699760e+00,-4.074538e+00,-1.282395e+00,1.695749e+00,2.032459e+00,-3.585064e+00,-4.721798e+00,-1.247823e+01,1.866356e+00,6.169281e-01,-7.515046e-05,-8.866970e-01,-9.527206e-01,2.143180e+00,-2.747803e+00,5.028526e-01,-1.381759e+00,4.390007e-01,-4.347708e-03,2.538220e-04,-2.401068e+00,2.702703e-02,4.497426e-03,-1.457155e-01,-7.578882e-01,-2.147147e-01,-1
-2.770168e+00,-1.821659e+00,-1.009950e+00,-1.152467e+00,2.037359e+00,-2.629737e+00,-3.111601e+00,8.683594e-01,1.424995e+00,-4.365587e-01,-4.183668e+00,-1.172525e+01,-1.686794e+00,-8.390660e-01,-7.515046e-05,-2.047039e+00,-7.126511e-01,7.059266e-02,-3.745924e+00,-7.536364e-01,-1.477629e+00,-7.393254e-01,-4.347708e-03,-1.470068e+00,-1.385267e+00,2.702703e-02,-1.528768e+00,-5.759480e-01,-1.587088e+00,-5.819464e-01,-1
-2.219295e+00,9.206147e-01,5.982162e-01,-2.881512e+00,-1.480493e+00,3.349005e+00,-2.757528e+00,-2.121992e+00,-1.795594e+00,-3.467063e-01,-3.519825e+00,-6.509388e+00,-2.927146e+00,-1.759388e+00,-7.515046e-05,5.468681e-01,-1.492067e+00,-1.432463e+00,-2.224226e+00,-2.025755e+00,-1.405671e+00,-2.038232e+00,-4.347708e-03,-1.847357e+00,2.735341e-02,2.702703e-02,2.280266e+00,-2.099204e+00,1.108318e+00,-2.129969e+00,-1
-1.707665e+00,3.070923e+00,-2.120981e+00,-2.766335e+00,9.922765e-01,6.413827e+00,-3.166397e+00,-2.680892e+00,-2.075052e+00,-1.298269e+00,-2.422340e+00,-1.197849e+01,-2.565256e+00,-2.448130e+00,1.369161e-04,-1.052705e+00,1.031589e-01,-6.727796e-01,1.290658e-01,-2.277499e+00,-2.960119e+00,-2.247339e+00,1.021403e-02,-8.148277e-01,-7.121276e-01,2.702703e-02,3.216005e+00,-1.866646e+00,4.900526e-01,-1.903980e+00,-1
3.968015e+00,5.819137e+01,5.323484e+00,4.848303e-01,-2.521375e+01,8.497667e+01,6.163329e+01,-9.023109e+00,-9.795399e+00,3.871011e+00,5.306916e+01,3.391492e+02,-3.828685e+00,-3.673423e+00,-7.515046e-05,4.161643e+00,3.619959e-01,-4.451168e+00,9.281624e+01,-2.902674e+00,1.104423e+00,-2.838537e+00,-4.347708e-03,6.992407e-01,2.469115e+00,2.702703e-02,-1.835902e+00,-2.110832e+00,4.538412e+00,-2.141268e+00,-1
3.428816e+00,9.736701e+00,1.993999e+00,2.238698e-01,-9.474345e+00,8.352972e+00,9.343934e+00,-3.318066e+00,-4.027543e+00,1.764429e+00,2.775745e-01,5.746091e+01,1.098711e+00,-3.176493e+00,-7.515046e-05,4.324130e+00,1.943861e+00,-4.315216e+00,1.666897e+01,-2.417047e+00,7.580200e+00,-2.335866e+00,-4.347708e-03,8.459687e-01,2.124219e+00,2.702703e-02,9.220076e-01,-1.459669e+00,-1.065581e+00,-1.474602e+00,-1
-3.089030e+00,-4.852471e+00,-1.745729e+00,1.148814e+00,3.359786e+00,-5.509603e+00,2.606580e-01,1.668075e+00,1.778427e+00,-1.470171e+00,-5.357098e+00,-1.283048e+01,8.752380e-01,4.141928e+00,-7.515046e-05,-1.379229e-01,-6.391198e-01,2.640901e+00,-4.342949e+00,4.060765e+00,8.845984e-01,4.283315e+00,-4.347708e-03,4.146537e-01,-1.150964e+00,2.702703e-02,-1.156183e+00,6.098471e+00,-4.977540e-02,6.463251e+00,-1
7.973551e+00,2.802321e+01,3.640101e+00,3.204639e+00,-1.470865e+01,4.197817e+01,-3.116106e+00,-7.569494e+00,-7.868261e+00,2.239861e+00,1.251492e+02,8.714572e+01,4.725064e-02,-3.494475e+00,-7.515046e-05,2.635366e+00,2.401464e+00,-4.347987e+00,2.652499e+01,-2.802199e+00,2.416501e+00,-2.751027e+00,-4.347708e-03,3.348569e+00,1.379706e+00,2.702703e-02,-2.654646e+00,-2.157343e+00,4.424637e+00,-2.186466e+00,-1
5.333540e+00,2.559874e+01,8.124051e-01,7.725651e-01,-1.274236e+01,3.852260e+01,-6.809780e-01,-4.953873e+00,-5.421942e+00,3.011513e+00,-7.528865e-01,9.793171e+01,-4.929168e+00,-3.549300e+00,9.780354e-04,2.304140e+00,2.024747e+00,-4.345334e+00,2.938013e+01,-2.788802e+00,1.165710e+00,-2.736782e+00,2.809657e-02,3.482362e+00,1.129953e+00,-4.729730e-01,1.960443e+00,-2.134088e+00,2.046989e+00,-2.163867e+00,-1
5.025036e+01,1.258362e+01,3.539991e+00,3.749408e+00,-9.382613e+00,1.997221e+01,8.199039e-02,-3.398217e+00,-4.086495e+00,2.933353e+00,4.156247e+01,6.145754e+01,3.195869e+00,-3.436142e+00,6.730725e-04,9.450817e-01,4.675777e+00,-4.266192e+00,-3.885165e+00,-2.645905e+00,1.511696e+00,-2.597377e+00,2.300084e-02,-4.830504e-01,3.099295e+00,2.702703e-02,-5.461191e+00,-2.029436e+00,1.944320e+00,-2.062172e+00,-1
-3.208941e+00,-3.713492e+00,-5.382541e-01,-1.218018e+00,3.618964e+00,-5.013044e+00,-1.563226e+00,2.828264e+00,2.690180e+00,6.339335e-02,-3.635202e+00,-1.310529e+01,2.627441e-02,1.858010e+00,-7.515046e-05,-2.215602e+00,5.023802e-01,2.860111e+00,-2.594230e+00,2.166821e+00,-8.535277e-01,2.242613e+00,-4.347708e-03,1.829326e+00,-6.084239e-01,2.702703e-02,-7.934836e-01,2.796145e+00,-5.637978e+00,2.971726e+00,-1
2.453196e+00,-1.225540e+00,4.786321e-01,-1.246490e+00,1.486229e+00,2.901041e-01,-2.040776e+00,-6.711018e-01,-9.381018e-01,-1.548303e+00,-5.359764e+00,-1.247000e+01,3.268800e+00,-1.499300e+00,-7.515046e-05,-1.412109e+00,-3.130530e+00,1.364141e+00,-4.645219e+00,-1.621624e+00,-2.761194e+00,-1.648509e+00,-4.347708e-03,1.642157e+00,-1.304241e+00,2.702703e-02,-2.234386e+00,-1.855018e+00,1.158732e+00,-1.892681e+00,-1
1.656465e+00,-4.022324e+00,9.804328e-01,-1.640358e+00,1.523285e+00,-3.696137e+00,-3.272459e+00,-2.297042e-01,-4.039376e-01,4.882546e-01,-3.676520e+00,-1.219669e+01,6.991582e-01,1.194135e-01,-1.057172e-06,6.108628e-01,8.166163e-01,2.771780e+00,-2.622996e+00,7.751067e-02,-2.017399e+00,2.333038e-02,4.259878e-03,1.604616e-01,-1.861548e-01,2.702703e-02,1.103468e+00,-4.480411e-01,-3.389115e+00,-5.254492e-01,-1
-3.486122e+00,-2.453630e+00,-8.389694e-01,-1.024659e+00,9.337436e-01,-3.230233e+00,-1.084583e+00,6.794011e-01,6.828115e-01,4.170881e-01,-4.736081e+00,-1.029244e+01,6.698273e-01,1.221913e-01,-7.515046e-05,-6.848408e-01,1.131943e+00,9.862535e-01,-2.257883e+00,-2.948030e-01,-1.134027e+00,-3.663923e-01,-4.347708e-03,9.841401e-01,7.141242e-01,2.702703e-02,-1.287547e-01,-1.041064e+00,1.891401e+00,-1.084771e+00,-1
4.699411e+00,1.353649e+01,6.423431e+00,5.161309e+00,-8.497628e+00,1.196351e+01,1.004352e+01,-2.306412e+00,-2.303828e+00,3.946910e+00,1.701792e+01,3.773342e+01,-1.434860e-01,-3.266698e+00,-7.515046e-05,5.030309e+00,3.819885e+00,-4.259877e+00,4.883943e+01,-2.504125e+00,4.058902e+00,-2.451867e+00,-4.347708e-03,5.493774e-01,1.994292e+00,2.702703e-02,4.596023e-01,-1.878274e+00,1.423063e+00,-1.881381e+00,-1
-4.137386e+00,-9.005816e-01,-6.096045e-01,-9.488979e-02,8.911290e-01,-1.754533e+00,-3.137832e+00,-2.617252e-02,-1.163762e-01,-7.991216e-01,-5.298200e+00,-1.121964e+01,-3.500456e-01,-8.348263e-01,-7.515046e-05,-1.025089e+00,-2.732304e+00,1.342660e-01,-3.440768e+00,-1.087435e+00,-1.517390e+00,-1.122943e+00,-4.347708e-03,-4.905732e+00,-5.634006e-01,2.702703e-02,-1.279319e+00,-1.448041e+00,8.974132e-01,-1.463302e+00,-1
-4.388731e-01,1.556268e+01,3.538394e+00,3.065094e+00,-3.107913e+00,1.388879e+01,-5.309085e-01,-6.066106e+00,-4.295080e+00,4.782031e+00,-5.560782e+00,-4.053713e+00,1.179220e+00,-3.287750e+00,-7.515046e-05,4.748004e+00,2.919792e+00,-3.362875e+00,-3.203520e+00,-2.553246e+00,-2.505608e+00,-2.497148e+00,-4.347708e-03,1.033277e+00,3.997895e+00,2.702703e-02,9.392170e-01,-1.901529e+00,8.813643e-02,-1.887031e+00,-1
1.202230e+00,-4.229200e-01,1.134036e+00,6.197700e-01,-5.697669e-02,-1.300660e+00,-3.231593e+00,3.475196e-01,2.659642e-01,6.355789e-01,-7.356742e-01,-9.410898e+00,-1.772689e+00,-1.166405e+00,3.475173e-05,-1.472925e+00,-1.585328e+00,-1.362840e+00,3.679347e+00,-1.269964e+00,-5.353842e-01,-1.273541e+00,6.135428e-03,-2.253292e-01,-3.635019e-02,2.702703e-02,1.408533e-01,-1.250367e+00,-3.833757e-01,-1.288161e+00,-1
-9.437398e-01,3.483576e-01,9.705619e-01,1.009242e-01,-2.537356e+00,2.533371e+00,-3.277937e+00,-1.910408e+00,-1.927941e+00,-3.567888e-01,-1.381834e+00,-5.330727e+00,-6.493761e-02,-2.205294e+00,-7.515046e-05,-2.156399e+00,-5.412948e-01,-1.730353e+00,-1.806187e+00,-1.960446e+00,-1.855351e+00,-1.959371e+00,-4.347708e-03,-1.861536e+00,-1.330118e+00,2.702703e-02,-2.048294e-01,-1.878274e+00,7.759062e-01,-1.915280e+00,-1
-3.947778e+00,-1.340116e+00,8.193065e-01,-4.614989e-01,1.947971e-01,-3.321664e+00,-2.007042e+00,3.861052e-01,5.803966e-01,-1.171587e+00,-4.755427e+00,-8.566469e+00,7.659074e-01,-9.172824e-01,-7.515046e-05,1.026214e+00,-6.795378e-01,-1.562629e+00,-4.634509e+00,-4.243035e-01,1.665563e-01,-2.982163e-01,-4.347708e-03,-5.626854e-01,-1.515051e+00,2.702703e-02,1.393665e+00,8.194008e-01,1.017515e+00,9.830254e-01,-1
-1.902278e+00,-1.740510e+00,9.068413e-02,-3.684824e+00,1.118665e+00,-4.438804e-01,-1.728775e+00,-9.292181e-02,2.749729e-01,-1.465725e+00,1.127803e+00,-1.086710e+01,1.652882e+00,-1.525616e+00,-7.515046e-05,-1.693446e+00,-1.242313e+00,-1.069929e+00,-3.622291e+00,-1.480960e+00,-1.411471e+00,-1.498929e+00,-4.347708e-03,2.821726e+00,-1.354421e+00,2.702703e-02,-3.026289e+00,-1.610832e+00,1.180142e-01,-1.655393e+00,-1
-4.170074e+00,-3.739844e+00,-2.549365e-02,-8.480524e-01,2.125402e+00,-3.293519e+00,-7.745399e-01,1.096026e+00,1.488340e+00,-6.924566e-01,-4.867990e+00,-1.218441e+01,-2.143452e-01,4.007000e-01,-5.986988e-06,-2.792662e+00,-1.677275e+00,2.721984e+00,-4.561939e+00,-2.227963e-01,-1.801432e+00,-3.195849e-01,3.968606e-03,-2.143277e+00,-8.706659e-01,2.702703e-02,6.134253e-01,-1.238739e+00,-6.127604e-01,-1.293811e+00,-1
-3.749450e+00,-1.518582e+00,-5.041708e-01,-7.672802e-01,4.925940e-01,-2.341754e+00,-3.153725e+00,-6.679434e-01,-9.844706e-01,-1.920187e+00,-2.558585e+00,-9.503069e+00,-1.191301e+00,-8.694754e-01,-7.515046e-05,-8.945345e-01,-1.543640e-01,-5.812044e-01,-2.433416e+00,-8.429470e-01,-9.812627e-01,-8.822916e-01,-4.347708e-03,-5.048329e-01,-1.685779e+00,2.702703e-02,1.465248e+00,-1.261995e+00,8.903657e-02,-1.265562e+00,-1
-1.892259e+00,-2.387613e+00,-8.024377e-02,4.102850e-01,2.109130e+00,-3.167504e+00,-3.241904e+00,1.383571e+00,1.784652e+00,-3.792911e-01,-4.426467e+00,-1.194407e+01,5.775943e-01,4.618112e-01,-6.972511e-06,4.635476e-01,-1.309797e+00,1.368671e+00,-2.307642e+00,-3.271781e-01,-1.075030e+00,-4.111647e-01,3.909145e-03,5.161277e-01,-1.624313e-01,2.702703e-02,-2.887721e+00,-1.215483e+00,1.373041e-01,-1.254263e+00,-1
-1.087957e+00,-3.985386e+00,-6.610529e-01,6.382950e-01,2.605288e-01,-3.643489e+00,-3.238080e+00,6.013793e-01,1.683706e-01,2.632539e-01,-4.962922e+00,-1.039477e+01,2.595770e+00,-3.003233e-01,-7.515046e-05,7.278928e-01,-2.019759e-01,-7.744565e-01,-3.883816e+00,-3.524401e-02,-2.407413e-02,-2.652971e-02,-4.347708e-03,-2.053425e+00,-3.238568e-01,2.702703e-02,-2.477576e-01,1.566101e-01,9.354091e-01,6.212144e-02,-1
-3.367086e+00,-3.226062e+00,-1.385572e+00,-2.031106e+00,1.574243e+00,-3.964195e+00,8.350599e-01,1.025231e+00,1.039993e+00,-7.944194e-01,-4.838071e+00,-1.117475e+01,-2.500839e+00,1.092513e+00,-1.571333e-05,-3.319284e+00,-1.777241e+00,1.981829e+00,-3.851615e+00,4.012617e-01,-9.275491e-01,3.062101e-01,3.361725e-03,-2.862361e-01,3.828785e-01,2.702703e-02,-8.617423e-01,-6.224597e-01,-5.784852e+00,-6.610424e-01,-1
9.743270e+00,2.465724e+00,-5.882540e-01,2.860854e+00,-1.435816e+00,-6.094433e-01,-3.249718e+00,-1.287932e+00,-1.346990e+00,3.714133e-01,2.026411e+00,-5.462608e+00,2.532486e+00,-2.249739e+00,-7.515046e-05,1.253037e+00,3.040552e-02,-2.148590e+00,5.620440e+00,-1.559665e+00,-1.449227e+00,-1.460262e+00,-4.347708e-03,6.974849e-01,1.986033e+00,2.702703e-02,6.101033e-01,-4.596690e-01,8.698361e-01,-4.294040e-01,-1
-2.691484e+00,-3.697406e+00,1.025255e+00,1.379677e-01,2.382238e+00,-4.412064e+00,-3.086170e+00,1.900460e+00,2.002665e+00,1.771343e+00,-3.852367e+00,-1.134153e+01,-2.228040e-02,8.170743e-01,-1.218808e-05,1.733864e+00,8.361454e-01,2.268159e-01,-2.642303e+00,9.544295e-01,1.790565e-01,9.223383e-01,3.587051e-03,-1.569184e+00,1.494287e+00,2.702703e-02,-4.540520e-01,6.566101e-01,-9.354293e-01,5.818955e-01,-1
-4.155561e+00,-3.569092e+00,5.545655e-01,-3.123499e+00,1.718731e+00,-4.290140e+00,-2.895084e+00,4.913968e-01,5.364792e-01,-4.251837e-01,-3.712269e+00,-1.196563e+01,1.038492e+00,2.640041e-01,-7.515046e-05,-7.279310e-02,-1.869972e+00,-3.723312e-01,-6.729957e-01,6.345857e-01,2.096606e-01,7.325647e-01,-4.347708e-03,7.564204e-01,-1.307463e+00,2.702703e-02,1.167452e+00,1.644982e+00,-2.469824e+00,1.711839e+00,-1
-3.785044e+00,-4.271431e+00,-1.741110e+00,7.542226e-01,2.525029e+00,-4.957501e+00,2.920009e+00,1.910456e+00,2.041487e+00,1.068898e+00,-4.911682e+00,-1.244166e+01,1.144137e+00,2.747630e+00,-7.515046e-05,-7.467516e-01,-7.014603e-01,5.496283e+00,-1.107083e-01,2.143377e+00,-1.424411e+00,2.083875e+00,-4.347708e-03,9.332924e-01,8.891803e-01,2.702703e-02,2.001337e+00,1.458936e+00,-1.631993e+00,1.446302e+00,-1
-9.908415e-03,-1.357464e+00,1.856802e-01,-2.236880e+00,9.059903e-02,-2.188661e+00,7.287728e+00,2.000225e-01,2.063334e-02,-4.516938e-01,-5.293271e+00,-9.262705e+00,-6.587502e-01,-5.267853e-01,1.345097e-05,-2.184418e+00,-2.516900e+00,6.173824e-01,-2.777511e+00,-8.982080e-01,-1.515671e+00,-9.509764e-01,5.064916e-03,-5.528482e-01,-7.873675e-01,2.702703e-02,7.239492e-02,-1.436413e+00,-4.529571e-01,-1.468952e+00,-1
7.097047e+00,4.237727e+00,-2.045883e+00,1.444777e+00,-2.076688e-01,8.076865e+00,-2.383947e+00,-9.913578e-01,-5.915092e-01,4.270989e-01,-1.047190e-02,-9.987957e+00,-5.321121e+00,-2.354417e+00,-7.515046e-05,1.402791e-01,1.077650e+00,-1.399050e+00,-3.539122e+00,-2.343366e+00,-2.397805e+00,-2.324673e+00,-4.347708e-03,-1.511163e+00,1.719940e+00,2.702703e-02,-7.182563e-01,-2.064320e+00,1.328205e+00,-2.096071e+00,-1
7.222178e+00,-1.029079e+00,5.685298e-01,-6.829808e-01,1.626621e+00,-1.876630e+00,-3.263358e+00,1.146002e+00,1.094545e+00,-1.695360e+00,-4.247749e+00,-1.205248e+01,-6.863779e-01,-2.859959e-01,7.425928e-06,-1.467684e+00,3.113070e-01,9.386563e-01,-3.142676e+00,-1.042780e+00,-1.481355e+00,-1.077662e+00,4.739259e-03,2.449558e-01,-8.210262e-01,2.702703e-02,-2.676546e+00,-1.378274e+00,1.014771e+00,-1.412455e+00,-1
-4.188348e+00,-3.530915e+00,-2.355333e+00,1.695155e-01,2.694740e+00,-4.253865e+00,-3.158880e+00,4.877962e-01,8.248467e-01,9.324721e-01,-4.987126e+00,-1.244305e+01,3.325669e+00,5.948521e-01,-7.515046e-05,4.585455e-01,8.611246e-01,1.632558e+00,-4.143345e+00,6.518897e-01,-1.122039e+00,6.796519e-01,-4.347708e-03,-2.221070e-01,1.733330e+00,2.702703e-02,-1.173633e+00,9.124241e-01,4.314237e-01,9.491271e-01,-1
-2.915736e+00,-2.077028e+00,-1.580623e+00,-1.383752e+00,6.178397e-01,-2.872387e+00,1.080271e+00,5.115467e-01,7.329799e-01,-8.135377e-02,-4.481188e+00,-1.039830e+01,8.544178e-01,-4.535259e-02,2.171125e-06,-1.803477e+00,-7.764683e-01,1.673767e+00,-1.012489e+00,-5.275689e-01,-1.670119e+00,-6.024646e-01,4.445391e-03,-1.208925e+00,-4.408980e-01,2.702703e-02,6.107090e-01,-1.331762e+00,9.944042e-01,-1.350308e+00,-1
-2.330932e+00,-9.050173e-01,1.999566e-01,5.485256e-02,1.046754e+00,-1.758747e+00,-1.141849e+00,5.530684e-01,-2.189617e-01,3.797138e-01,-2.755115e+00,-1.168433e+01,-1.611351e-01,-1.576785e+00,-7.515046e-05,5.427185e-01,1.030296e+00,-8.941312e-01,-1.870624e+00,-1.163907e+00,-1.642265e+00,-1.121417e+00,-4.347708e-03,-7.913585e-01,5.947963e-01,2.702703e-02,4.731590e+00,-6.689713e-01,1.513452e+00,-6.723418e-01,-1
-3.551564e+00,-3.789984e+00,-2.044953e+00,-1.434334e+00,2.626252e+00,-4.500031e+00,-2.279581e+00,4.733980e-01,8.074617e-01,-1.101508e+00,-5.282136e+00,-1.189980e+01,1.427131e+00,1.395729e+00,-7.515046e-05,-1.129893e+00,-5.743613e+00,2.095897e+00,-3.334142e+00,1.102908e+00,-7.605433e-01,1.071919e+00,-4.347708e-03,-1.382610e-01,-1.614862e+00,2.702703e-02,1.874328e+00,7.147496e-01,-1.417973e+00,7.400875e-01,-1
-2.864610e+00,-2.807830e+00,2.913055e-01,6.779213e-01,4.374829e+00,-3.566792e+00,-1.730574e+00,1.488720e+00,1.660339e+00,-3.167167e+00,-3.516435e+00,-1.343252e+01,3.908529e-02,5.384193e-01,-8.168976e-06,-1.615308e+00,-4.890451e-01,5.355775e+00,-4.510221e+00,-7.892626e-03,-2.515848e+00,-9.623208e-02,3.836376e-03,-2.064392e+00,-2.374980e+00,2.702703e-02,8.110638e-01,-9.596690e-01,4.768472e-01,-9.887260e-01,-1
4.465720e-01,-3.814586e+00,-2.110109e-01,-7.598914e-01,2.043315e+00,-4.523408e+00,1.885894e+00,2.195254e+00,2.254755e+00,5.787910e-01,-4.293712e+00,-1.121094e+01,2.872926e+00,1.845437e+00,-7.515046e-05,-4.121333e-01,-7.022455e-01,4.790991e-01,-4.548140e+00,1.227385e+00,9.731600e-01,1.113638e+00,-4.347708e-03,7.836643e-01,5.927482e-02,2.702703e-02,1.666385e+00,-1.780851e-02,-8.920254e-02,-5.652262e-02,-1
-2.895963e+00,7.943982e-01,2.563321e+00,-2.566222e+00,-4.274320e-01,-1.439694e-01,-3.037251e+00,-1.886885e+00,-2.460401e+00,6.238417e-01,-4.679607e+00,-1.042646e+01,1.929993e+00,-1.728686e+00,6.420294e-05,1.417636e+00,6.179682e-01,-1.195724e+00,-4.114418e+00,-1.584225e+00,-1.593954e+00,-1.564052e+00,7.456685e-03,1.579115e+00,-1.194453e+00,2.702703e-02,-5.530245e-01,-1.296878e+00,1.084669e-01,-1.333359e+00,-1
-3.810506e+00,-3.439998e+00,-2.668236e-01,3.242449e-01,2.528835e+00,-4.167476e+00,-2.077273e-01,2.478973e+00,2.635703e+00,1.867294e+00,-4.535960e+00,-1.189336e+01,1.271534e+00,1.497776e+00,-2.023708e-05,-2.656111e+00,6.083459e-01,2.406968e+00,-4.603229e+00,6.585880e-01,-8.639552e-01,5.595807e-01,3.062546e-03,8.389363e-01,2.587959e+00,2.702703e-02,-2.322259e+00,-4.945527e-01,-3.542630e+00,-4.520029e-01,-1
-3.441621e+00,-4.274518e+00,-2.589530e+00,-1.122423e+00,1.354461e+00,-4.960434e+00,-2.688092e+00,8.543834e-01,5.842721e-01,-2.125991e+00,-5.441289e+00,-1.011981e+01,1.012335e-01,2.249969e+00,-7.515046e-05,-7.538551e-01,8.874779e-01,1.420423e-01,-3.872731e+00,2.187474e+00,1.820825e+00,2.092015e+00,-4.347708e-03,3.287443e-01,-1.297791e+00,2.702703e-02,-1.991239e+00,1.110098e+00,-3.174369e+00,1.090370e+00,-1
-4.337028e+00,-1.270736e+00,6.671003e-01,7.199433e-01,-1.063536e+00,-2.106252e+00,-3.610461e-01,-1.897793e+00,-1.665561e+00,6.754685e-01,5.230595e+00,-6.639274e+00,-1.871487e+00,-1.436142e+00,-7.515046e-05,1.165521e-01,4.965631e-01,-2.179510e+00,-4.654504e+00,-9.746802e-01,3.262637e-01,-9.860820e-01,-4.347708e-03,-1.821910e+00,5.621347e-01,2.702703e-02,9.557215e-01,-1.041064e+00,1.151919e+00,-1.084771e+00,-1
-4.226597e+00,-4.222263e+00,1.067539e+00,-8.513389e-01,3.231530e+00,-4.910781e+00,-7.722879e-01,2.370603e+00,2.622641e+00,-1.522731e+00,-4.033431e+00,-1.270471e+01,-8.719201e-01,1.682718e+00,-7.515046e-05,-8.872959e-01,-8.541283e-01,1.391885e+00,-2.031958e+00,1.911170e+00,-4.276061e-02,1.957698e+00,-4.347708e-03,-2.976247e+00,-1.478070e+00,2.702703e-02,1.239547e+00,2.435680e+00,-5.417960e+00,2.395455e+00,-1
-3.801429e+00,-4.103630e+00,-2.344609e+00,3.587770e-01,2.882367e+00,-4.798056e+00,-2.779456e+00,2.345656e+00,2.434009e+00,-1.035260e+00,-5.526399e+00,-1.263987e+01,1.263278e+00,1.822630e+00,-7.515046e-05,-2.752127e+00,-4.492633e-03,2.006878e+00,-3.864340e+00,1.697382e+00,-3.746428e-01,1.677871e+00,-4.347708e-03,-1.839420e+00,-7.450490e-01,2.702703e-02,3.712578e-01,1.482191e+00,-1.314114e-01,1.451952e+00,-1
-4.002406e+00,-4.267655e+00,-3.145150e+00,-3.879905e-01,1.124467e+00,-5.407966e+00,-2.110934e+00,9.924805e-01,1.206112e+00,4.677462e-02,-5.118346e+00,-9.371540e+00,1.068792e+00,3.234618e+00,-7.515046e-05,-2.701461e+00,1.418369e+00,3.474802e-01,-4.491405e+00,3.644912e+00,2.569295e+00,3.744521e+00,-4.347708e-03,2.446163e-01,-4.664828e-01,2.702703e-02,-1.903421e+00,4.563587e+00,-7.710324e-01,4.689240e+00,-1
1.549265e+01,1.509591e+01,3.819219e+00,2.446046e+00,-7.881273e+00,1.344527e+01,-1.048918e-02,-1.479689e+00,-1.585873e+00,4.982140e+00,9.491110e+00,4.047242e+01,1.141191e-01,-3.276932e+00,4.564817e-04,4.975473e+00,2.459420e+00,-4.297314e+00,5.798295e+00,-2.545989e+00,5.024469e+00,-2.487481e+00,1.870638e-02,-8.493910e-01,2.882818e+00,2.702703e-02,2.985162e+00,-1.831762e+00,3.733071e+00,-1.853133e+00,-1
3.650620e+01,2.855959e+01,-1.031723e+00,1.226588e+00,-1.408157e+01,2.623841e+01,-1.800914e+00,-5.676266e+00,-5.769404e+00,-1.597196e+00,5.093953e+00,1.041761e+02,6.618555e-01,-3.428978e+00,6.596034e-04,2.722342e+00,7.804965e-01,-4.342847e+00,-3.162261e+00,-2.708423e+00,3.649118e+00,-2.661991e+00,2.275365e-02,6.253417e+00,-9.415038e-01,-4.729730e-01,6.742040e-01,-2.134088e+00,2.656616e+00,-2.146918e+00,-1
-3.959160e+00,-2.592713e+00,-3.827199e+00,-1.686417e-01,1.633556e+00,-3.362389e+00,-2.881003e+00,-6.765919e-01,-7.746930e-01,-2.125754e+00,-1.634942e+00,-1.138625e+01,6.518124e-01,-4.446216e-01,1.129865e-05,-8.119134e-01,-1.185749e+00,-5.778069e-01,-3.775885e+00,-2.322856e-01,-4.412600e-01,-2.666722e-01,4.949892e-03,-1.892698e-01,-1.761268e-01,2.702703e-02,1.173749e+00,-5.875759e-01,-1.279123e+00,-6.101949e-01,-1
-3.896688e-01,1.993515e+01,-1.838982e-01,-1.888315e-01,-1.442910e+01,1.804350e+01,-9.362800e-01,-5.118610e+00,-6.235909e+00,-9.578561e-01,4.577497e+01,9.733612e+01,-2.749005e+00,-3.371522e+00,-7.515046e-05,2.046237e+00,2.071767e+00,-4.320038e+00,-3.445422e+00,-2.625252e+00,4.035561e+00,-2.570920e+00,-4.347708e-03,1.849131e-01,-4.996707e-01,2.702703e-02,-1.566685e+00,-1.959669e+00,3.617972e+00,-1.977427e+00,-1
-3.158994e+00,-3.655242e+00,-6.938229e-01,1.050769e+00,1.889049e+00,-4.971532e+00,-3.053349e+00,1.919790e+00,2.114633e+00,-2.301639e-01,-4.931212e+00,-1.122240e+01,1.007300e+00,1.635203e+00,-2.161870e-05,9.120827e-01,1.256931e+00,1.063118e+00,-4.496609e+00,2.051276e+00,1.890515e-01,2.123051e+00,2.968734e-03,-2.234795e+00,-4.062989e-01,2.702703e-02,-2.134517e+00,2.807773e+00,-6.702718e-01,2.813534e+00,-1
-1.078895e+00,-2.959718e+00,7.330500e-01,7.785488e-01,1.516448e+00,-4.475869e+00,2.179838e-01,1.634890e+00,1.617168e+00,1.560973e+00,-4.765329e+00,-1.091351e+01,-3.451880e-01,1.230671e+00,-1.733696e-05,-2.451881e+00,1.332780e+00,2.187125e-01,-4.484107e+00,9.840136e-01,6.285334e-01,1.029690e+00,3.255701e-03,-1.862795e-01,1.016003e+00,2.702703e-02,8.232272e-01,1.447308e+00,5.394688e-01,1.474551e+00,-1
-3.332430e+00,-3.622255e+00,-1.424439e+00,-7.904406e-01,-9.783296e-01,-4.340656e+00,1.180090e+00,-9.742423e-01,-9.967096e-01,-1.036997e+00,-2.743402e+00,-3.853638e+00,-5.720756e-01,9.411971e-01,-7.515046e-05,-2.445901e+00,-1.147214e+00,-7.579166e-01,-4.435823e+00,8.723753e-01,1.617524e+00,8.088811e-01,-4.347708e-03,-3.049517e+00,2.781410e-01,2.702703e-02,-6.786721e-01,1.798659e-01,-2.075724e+00,1.525169e-01,-1
-3.415183e+00,-1.739464e+00,5.555819e-01,-2.104591e-01,2.209665e+00,-2.551635e+00,-1.068702e+00,1.191972e+00,1.410126e+00,6.557680e-01,3.768209e-01,-1.157199e+01,-4.427871e-01,-2.858497e-01,-7.515046e-05,-5.936834e-01,7.991226e-01,1.065666e-01,-4.453389e+00,-7.089811e-01,-8.986858e-01,-7.800275e-01,-4.347708e-03,5.585707e-01,-5.091417e-01,2.702703e-02,1.590261e+00,-1.471297e+00,-4.592699e+00,-1.485901e+00,-1
-1.261965e+00,-2.856611e+00,9.167380e-01,-1.230554e-01,-1.176060e+00,-3.613144e+00,-3.120514e+00,-1.374298e+00,-2.183004e+00,2.647726e-02,-5.509043e+00,-5.208045e+00,-8.839452e-01,-3.829257e-01,9.749999e-06,1.389489e+00,-1.285776e+00,-1.576277e+00,3.734958e+00,-1.697681e-01,1.098870e+00,-5.451241e-02,4.866241e-03,9.808492e-02,-8.263806e-01,2.702703e-02,7.946731e-01,1.098471e+00,1.062043e+00,1.112969e+00,-1
-3.458082e+00,-2.045962e+00,9.657076e-01,5.772105e-01,7.467712e-01,-3.824683e+00,-3.054175e+00,3.264367e-01,3.797531e-01,2.494344e+00,-4.613873e+00,-1.085371e+01,1.228513e+00,-5.851048e-02,-7.515046e-05,1.490599e+00,-7.053211e-02,-5.857122e-01,-2.178326e+00,7.974343e-02,6.193909e-02,1.525596e-01,-4.347708e-03,-1.871221e+00,2.284772e+00,2.702703e-02,3.035380e-01,8.426566e-01,-1.196397e+00,8.869802e-01,-1
-3.799809e+00,-2.641730e+00,-5.590669e-01,1.168013e+00,1.963452e+00,-4.249256e+00,4.629322e+00,2.206856e+00,2.087257e+00,-2.510829e+00,-5.143857e+00,-1.151992e+01,1.246064e+00,9.001152e-01,-7.515046e-05,-1.229076e-01,-5.936002e-02,-3.308266e-01,-2.217424e+00,5.849067e-01,9.272254e-01,6.730378e-01,-4.347708e-03,1.574239e+00,-2.251588e+00,2.702703e-02,-1.033886e+00,1.424052e+00,-1.298567e+00,1.553647e+00,-1
-3.601477e+00,-2.927753e+00,-7.346529e-01,-1.533633e+00,2.446539e+00,-3.680743e+00,4.252082e+00,2.037925e+00,2.076165e+00,9.125380e-01,-4.084712e+00,-1.224831e+01,-1.712779e-01,6.366650e-01,-7.515046e-05,5.284329e-01,4.768200e-01,-1.184940e-01,-2.911393e+00,-2.310711e-03,3.543884e-01,8.575862e-03,-4.347708e-03,-8.425298e-02,1.209113e+00,2.702703e-02,2.943903e-01,1.798659e-01,1.580792e+00,1.186186e-01,-1
-3.318116e+00,-3.167493e+00,1.602319e+00,1.178818e+00,1.892882e+00,-3.908543e+00,-2.133008e+00,1.818975e+00,1.858111e+00,-4.803724e-01,3.010821e+00,-1.163949e+01,-1.306365e+00,3.812694e-02,-7.515046e-05,6.761389e-01,9.978991e-01,4.324983e-01,-4.624228e+00,2.371534e-01,-8.190579e-01,2.431218e-01,-4.347708e-03,2.127056e-01,-8.657473e-02,2.702703e-02,-3.386398e-01,2.612613e-01,5.939713e-01,2.994096e-01,-1
-4.337028e+00,-4.225106e+00,-9.058106e-01,-1.856202e-01,2.581320e+00,-4.913483e+00,-2.629328e+00,1.611107e+00,1.898273e+00,-2.955226e+00,-5.293872e+00,-1.205761e+01,4.563348e-01,1.786080e+00,-2.305763e-05,-2.323384e+00,9.409567e-02,2.321559e+00,-4.654504e+00,1.877678e+00,-6.018262e-01,1.964821e+00,2.869734e-03,8.726866e-01,-2.826113e+00,2.702703e-02,-5.253203e-01,2.831029e+00,-2.788256e+00,2.813534e+00,-1
-1.115692e+00,-7.108735e-01,2.547624e-01,6.550505e-01,1.994188e+00,-2.873236e+00,-1.714191e+00,1.301036e+00,1.418500e+00,3.712778e-01,-4.342287e+00,-1.196526e+01,-3.029268e-01,-3.351187e-01,-7.515046e-05,2.697849e-03,-4.786838e-01,5.324574e-01,1.244712e-02,-5.515711e-01,-1.269840e+00,-6.019558e-01,-4.347708e-03,-1.296757e+00,3.296950e-01,2.702703e-02,-7.402000e-01,-1.099204e+00,1.831383e+00,-1.101720e+00,-1
-3.516942e+00,-3.800848e+00,1.072837e+00,2.182866e+00,1.090498e+00,-4.510354e+00,-1.258392e+00,1.376224e+00,1.027182e+00,2.008154e+00,-4.068371e+00,-1.053221e+01,9.074749e-01,1.062250e+00,-7.515046e-05,1.465574e+00,1.566229e+00,-2.770414e-01,-3.662837e+00,1.097326e+00,1.048980e+00,1.090234e+00,-4.347708e-03,-8.702701e-01,1.592328e+00,2.702703e-02,1.353777e+00,1.086843e+00,-9.541615e-01,9.999746e-01,-1
-2.267918e+00,-3.569453e+00,-2.447803e+00,8.535595e-01,1.534694e+00,-4.290484e+00,-3.217210e+00,6.490490e-01,8.618361e-01,-1.225227e+00,-4.641175e+00,-1.125907e+01,-1.225531e+00,6.214603e-01,-9.419361e-06,4.771432e-01,5.309913e-01,2.008866e-01,-4.491945e+00,7.160817e-01,-3.569671e-03,7.330734e-01,3.759630e-03,2.116376e+00,1.644181e+00,2.702703e-02,-7.817715e-01,8.542845e-01,-4.774817e-01,8.926299e-01,-1
-2.751218e+00,-3.311949e+00,-1.832541e+00,-1.540109e+00,9.927620e-01,-4.045805e+00,-2.580386e+00,1.454199e+00,1.324722e+00,-6.224574e-01,-1.997299e+00,-1.061762e+01,9.104052e-01,4.872497e-01,-7.515046e-05,-4.329298e-01,1.276086e+00,-4.370023e-01,-4.239174e+00,4.442425e-01,5.629795e-01,4.033863e-01,-4.347708e-03,-4.308112e-01,7.839022e-02,2.702703e-02,7.891393e-01,5.447308e-03,7.888217e-01,-1.697460e-02,-1
3.392774e-01,-1.790172e+00,-1.064032e+00,-1.298268e+00,1.197516e+00,-2.599818e+00,-2.087751e+00,6.661355e-01,5.827658e-01,-4.964805e-01,1.875086e+00,-1.124993e+01,2.132576e+00,-8.887736e-01,-7.515046e-05,-1.449175e+00,9.539042e-01,-7.862206e-01,-3.813013e+00,-7.352161e-01,-8.030501e-01,-7.550975e-01,-4.347708e-03,-1.613788e+00,-7.393964e-01,2.702703e-02,2.637310e-01,-9.131573e-01,-1.836302e+00,-9.435283e-01,-1
4.352856e-01,-4.245176e+00,1.018340e+00,-6.634366e-01,7.471584e-01,-4.932553e+00,-3.239710e+00,1.190807e+00,1.036841e+00,1.185789e-01,-4.360321e+00,-8.834558e+00,-2.163579e+00,1.570583e+00,-7.515046e-05,-2.196102e+00,-3.167536e+00,-2.505509e-01,-3.197850e+00,2.004388e+00,1.614320e+00,2.015699e+00,-4.347708e-03,-2.212554e+00,-5.724251e-01,2.702703e-02,-2.060966e+00,2.040331e+00,9.415385e-01,2.096020e+00,-1
-7.730471e-01,-3.985386e+00,1.134110e-01,2.619511e-01,2.740498e+00,-4.685702e+00,-3.013933e+00,1.939122e+00,1.696241e+00,2.739233e+00,-7.278467e-01,-1.220023e+01,-2.289747e-02,9.907585e-01,-7.515046e-05,1.109001e+00,9.052215e-01,8.797703e-01,-3.406874e+00,1.457918e+00,-2.489224e-01,1.429080e+00,-4.347708e-03,1.160467e+00,2.695360e+00,2.702703e-02,-1.575886e-01,1.063587e+00,-2.746972e+00,1.112969e+00,-1
-3.274028e+00,-4.168993e+00,9.991768e-01,1.265393e+00,3.241035e+00,-4.860164e+00,-2.877641e+00,1.941670e+00,2.080471e+00,3.405353e-01,-4.805853e+00,-1.267691e+01,-6.185426e-01,2.249823e+00,-2.703305e-05,5.664027e-01,-1.198675e-03,2.544672e+00,-3.843817e+00,1.849769e+00,-3.988694e-01,1.827960e+00,2.588880e-03,1.003846e+00,4.458742e-01,2.702703e-02,-3.111699e+00,1.610098e+00,1.232366e+00,1.576246e+00,-1
